6984
7054
7623
6808
8092
9719
4377
1877
4358
7164
5089
28
5529
1561
6695
2247
5324
4508
860
3422
1216
7618
6186
4399
9189
6476
6327
1721
7108
1728
3556
4148
8649
3240
6418
8579
3229
3116
5755
2627
7424
857
8922
4855
3341
1954
3328
5389
3744
7943
6370
24
5424
8896
7328
6712
3785
2394
3776
8595
158
2711
3627
1810
9706
7482
3024
3838
2702
2301
3755
7886
7469
7217
542
2357
5204
1501
1912
8312
7606
2046
6407
1676
5874
923
6459
2938
110
3168
2491
9010
3959
5133
6675
6902
4175
2603
2153
7524
322
4236
7791
1264
978
9712
2155
7765
536
9531
1286
9621
529
1022
5695
4261
2712
6827
2479
6539
2337
1820
2544
3439
7256
9387
7692
8520
6946
2456
1689
8146
8491
6599
6510
5451
3945
9414
1274
5259
2558
4021
2515
1825
3048
6126
8057
9547
8248
6514
6110
9708
5071
4500
2924
2258
878
6286
91
5961
3032
8705
1069
5908
165
2674
4424
3174
516
1965
392
6269
4154
2964
7670
3726
1963
4768
2811
4990
3928
5682
6912
1682
6174
5762
8188
7433
6773
2945
507
5293
3781
6590
6196
1823
9864
3927
1504
3758
791
2201
8915
7656
5585
4705
5776
7021
4609
3960
3731
6225
3382
6700
9717
2624
4516
1955
2082
7346
1403
5126
9750
8194
479
727
6466
9104
2110
6732
7550
2242
190
9500
6069
3125
411
5785
3901
6321
1079
4499
9181
9114
3565
8359
4026
8329
6420
8398
4576
6390
1144
8565
1272
5067
8983
359
3063
196
9026
353
2410
4300
8898
231
787
5388
510
81
6012
1993
7730
1606
4728
4805
7991
3890
9973
4422
7026
6744
3168
3929
7389
1827
5362
104
5819
7655
5772
866
4928
4756
8799
3314
7969
3287
1562
3361
3729
2440
6064
188
1191
7952
1084
9241
8644
9985
9628
3289
5779
2320
7578
1316
963
8760
1927
7568
95
8869
9198
6654
7520
7149
64
3345
4401
8167
4890
4760
4613
8022
1969
6968
8937
7361
406
5585
2701
5831
4294
1740
2217
3890
1058
9074
1162
648
8750
5697
8488
401
1673
4628
1433
1711
9224
1349
7098
6791
4329
94
304
3715
5083
5871
692
1125
7522
2344
9778
7990
3547
4239
5299
7718
3778
2893
4450
4022
7811
6040
1275
641
27
6666
7768
7113
1281
6470
3989
9210
3259
6373
6008
9682
4332
2804
933
8953
3670
3866
2758
6804
6494
2362
5294
609
301
8743
9590
915
6942
7855
1682
9328
2268
3999
2214
7174
6430
756
9439
6388
2083
4826
6914
9194
6883
5011
1408
8048
6968
1945
706
4317
3143
5950
1300
6378
6797
3236
191
2554
1919
8408
2819
6959
4836
4865
6142
3081
8401
1617
6895
927
8260
2683
5012
1598
1094
5682
5420
2738
8163
3132
1616
255
3846
4319
4309
1257
3880
5578
1609
8084
1705
2874
5595
2191
5650
2195
376
7424
1851
3381
1773
7603
4804
5295
19
685
4772
3995
6053
81
161
7064
2790
5710
6970
2953
2657
9540
5719
2738
6407
8347
6730
2407
8119
362
7910
4942
7668
1970
2582
7395
8359
6587
197
9438
1715
2314
1910
8243
4963
9316
3192
9227
4259
8150
1004
5289
1318
5300
5698
5761
4717
4297
241
1226
1092
2694
3273
6937
744
5355
7155
4546
925
1707
958
8606
9811
9043
7835
1003
6546
3780
1039
434
5245
420
6089
8595
9581
6055
4023
8855
4954
3708
3925
8743
7179
7665
7161
5440
4765
1742
1708
1073
7570
4267
7798
7944
8229
6629
3712
9920
8878
5043
5204
9819
9823
4719
6586
7015
184
345
1085
1497
64
5815
8465
3065
8185
9055
6248
7270
9224
3487
1378
870
8654
439
2269
7891
4680
9545
8641
7074
826
2276
6483
1672
1431
6895
3072
8727
4564
5925
1695
477
7059
7004
2867
9607
2246
6220
339
6878
6285
9052
1561
9035
7501
6956
5328
3984
754
4913
1489
1389
9965
7360
2326
2086
7585
9337
5391
6496
2002
8925
6942
2657
914
9241
6440
5710
9760
6877
9148
9275
6244
8493
3517
6353
1558
9359
2363
1448
6289
163
9567
8099
6125
592
913
3137
4712
5148
1765
1300
5157
3203
1174
3439
6516
170
7549
6658
5847
8758
5738
2053
5986
3829
6536
1497
2586
2757
4213
1593
3520
2744
9765
6569
4160
4416
4895
9795
614
7247
7309
3238
181
4236
5697
4651
5941
5162
8323
1646
7632
7122
2347
1690
9865
8562
2590
5625
7186
9506
7315
6221
5663
8843
5579
2157
437
2981
962
4372
8039
8487
6345
7303
7949
4731
8504
366
6715
7942
1220
9028
5199
1315
2433
9381
9593
6074
3515
7777
8881
1378
7102
2297
3999
6148
131
9686
8301
5116
5014
1992
7718
1502
1514
9847
8484
9436
4119
3339
2947
308
9553
4356
6719
5468
44
4521
1505
8406
7788
5373
2683
7781
3158
507
1117
806
2112
8428
9190
7114
4848
7514
1807
9058
1968
8904
1859
8601
6149
1335
9478
5997
2134
2761
3212
3031
5880
3197
8293
2243
1243
6773
9240
318
8810
2238
3939
9072
3237
3164
2437
3686
311
5138
6456
5486
3576
6742
3495
6436
1192
1391
2344
6456
8176
5771
3730
325
5416
8519
8379
9442
9288
5680
8865
3962
6025
7456
9229
3048
8277
1119
6858
2495
3713
5427
6364
6793
2084
2761
1756
3365
7280
782
5256
2539
7904
6871
7711
6777
4265
8724
7741
6506
8970
536
6957
630
1858
4385
1280
1053
615
2545
5542
5501
8530
1530
8166
3192
1391
1141
4113
2830
7544
9228
2751
3431
355
7509
9866
7609
5583
7235
8373
6253
5955
4560
3835
2180
292
4746
1505
618
8044
6050
1192
6000
1473
8770
2516
1785
9605
4600
9562
363
7410
2352
7503
2626
9285
9383
7832
2660
2407
5774
4592
579
1104
7699
9207
2402
6871
1582
8318
7439
9833
2403
903
1472
3483
7890
7020
3166
7772
49
7271
2371
3237
4829
5507
1754
3471
3854
2825
3271
2121
8707
4267
866
264
1965
